online_df,online_alg,opt_lr,offline_df,offline_alg
6824.87167583 6320.1967971 0.0 5351.20954211 4768.96065884
13526.2102282 12664.3946219 0.0 10857.3327833 9626.0462502
19615.3431093 18412.536308 0.0 15938.9065759 14129.5163146
26270.7786768 24692.2529008 0.0 21442.7243443 19043.4881939
32484.8572575 30549.5964119 0.0 26719.7356879 23607.7827291
38839.203287 36478.2672149 0.0 32009.3610079 28305.8867033
44723.3726901 41953.7324482 0.0 37077.7798539 32761.2633482
51254.3735859 47940.7354173 0.0 42687.7953496 37719.6320265
57275.0439866 53707.7377706 0.0 47725.2217343 42118.7990956
64297.032991 60140.4474028 0.0 53982.0866766 47588.3513191
69320.6404553 64675.5166368 0.0 58310.757374 51506.1853431
76404.7001215 71035.6442178 0.0 64390.6813238 56870.1703246
81896.765553 76142.2739833 0.0 69122.911388 60996.2763042
87746.9873896 81336.5869746 0.0 74333.1958388 65559.9697012
