online_df,online_alg,opt_lb,offline_df,offline_alg
161.7 132.1 65.06443061 66.1 66.2
324.2 268.8 130.783229835 132.05 132.05
485.85 410.25 195.393743105 197.3 197.05
646.85 551.4 260.47905641 262.5 262.5
806.85 694.2 324.6227995 327.0 327.0
967.45 838.7 389.15157665 391.75 391.7
1130.7 985.85 453.62258837 456.35 456.5
1291.6 1125.35 519.325145945 522.85 522.9
1453.05 1288.5 583.54886667 587.4 587.25
1614.8 1421.3 650.629323895 654.65 654.55
1772.9 1557.95 713.58186584 717.7 717.5
1932.2 1713.05 779.69083416 784.05 784.3
2099.55 1873.0 845.72143749 850.4 850.5
2256.75 2001.65 907.969819245 913.0 912.95
